{
  "GlobalObjectId_V1-2-3787a1364df57d2418550f1e56afe84d-1099640057-0": {
    "GameObjectId": "GlobalObjectId_V1-2-3787a1364df57d2418550f1e56afe84d-1099640057-0",
    "SectionColorRed": 0.5,
    "SectionColorGreen": 1.0,
    "SectionColorBlue": 0.5,
    "SectionAltColorRed": 0.6509434,
    "SectionAltColorGreen": 0.6381373,
    "SectionAltColorBlue": 0.0
  },
  "GlobalObjectId_V1-2-3787a1364df57d2418550f1e56afe84d-1998001494-0": {
    "GameObjectId": "GlobalObjectId_V1-2-3787a1364df57d2418550f1e56afe84d-1998001494-0",
    "SectionColorRed": 1.0,
    "SectionColorGreen": 0.5,
    "SectionColorBlue": 0.833333254,
    "SectionAltColorRed": 0.5,
    "SectionAltColorGreen": 0.125,
    "SectionAltColorBlue": 0.37499994
  },
  "GlobalObjectId_V1-2-3787a1364df57d2418550f1e56afe84d-1981025942-0": {
    "GameObjectId": "GlobalObjectId_V1-2-3787a1364df57d2418550f1e56afe84d-1981025942-0",
    "SectionColorRed": 0.5,
    "SectionColorGreen": 1.0,
    "SectionColorBlue": 0.5,
    "SectionAltColorRed": 0.125,
    "SectionAltColorGreen": 0.5,
    "SectionAltColorBlue": 0.125
  },
  "GlobalObjectId_V1-2-3787a1364df57d2418550f1e56afe84d-368718414-0": {
    "GameObjectId": "GlobalObjectId_V1-2-3787a1364df57d2418550f1e56afe84d-368718414-0",
    "SectionColorRed": 0.5,
    "SectionColorGreen": 0.5,
    "SectionColorBlue": 1.0,
    "SectionAltColorRed": 0.125,
    "SectionAltColorGreen": 0.125,
    "SectionAltColorBlue": 0.5
  }
}